0 28
0 1
0 33
0 0
0 371
2 0
0 51
2 92
0 28
0 0
0 2337
0 0
0 0
0 1204
0 2
0 0
0 0
0 0
2 0
0 0
0 0
0 0
0 0
0 57
0 0
0 0
0 28
0 355
0 0
0 1
0 0
0 0
0 2
0 9
0 509
0 0
0 0
0 51
2 76
0 2874
0 0
0 291
0 124
0 0
0 0
0 371
0 0
0 0
0 28
0 0
0 2
0 0
0 56
0 28
0 28
0 28
4 0
0 4
0 113
0 1
2 0
0 0
0 3
0 0
0 0
8 102
0 371
0 0
0 1
0 0
0 0
0 28
0 0
0 19
0 8
0 0
0 0
0 170
0 28
0 0
0 0
0 4
0 0
0 0
0 0
0 0
0 772
0 0
0 0
0 0
0 28
0 0
0 0
0 19
0 0
0 776
8 0
0 0
0 371
0 0
2 8
0 0
0 0
0 0
4 21832
2 500
0 0
0 0
6 5
0 0
0 0
6 3
0 0
0 0
0 371
6 691
0 1
0 1
0 0
0 276
0 0
0 0
2 22
0 178
0 371
0 28
0 18
0 13058
2 76
0 0
0 0
0 57
0 0
0 2
0 0
2 0
2 229
0 0
0 0
0 0
0 0
0 0
0 28
0 0
0 0
0 4
2 0
0 0
0 56
0 299
0 0
0 1
0 0
0 0
0 1
0 0
0 0
0 0
0 0
2 76
0 170
0 371
0 0
0 28
0 27
0 0
2 0
0 3
0 0
6 691
0 7
0 0
6 0
0 0
0 0
0 371
6 4
16 21
0 96
2 229
0 126
0 0
0 179
0 0
0 1
0 0
0 56
0 0
0 0
0 0
0 0
0 0
0 0
0 0
0 371
0 0
0 291
0 28
0 100
0 28
0 10
0 0
0 372
0 0
0 0
2 76
0 0
0 0
2 76
0 0
0 0
16 0
0 0
0 29
0 0
0 0
0 29
0 0
0 0
0 0
0 0
0 1
0 0
0 29
0 0
0 1
0 0
0 0
2 229
0 0
0 0
2 0
0 2337
0 2706
2 0
0 0
0 29
4 0
0 0
0 170
0 0
2 0
0 0
0 29
0 0
0 56
0 0
0 29
0 1
0 1
0 7446
2 229
0 40
0 29
0 0
0 29
2 0
0 1
0 0
0 29
0 0
0 0
0 85
0 109
0 0
0 0
0 0
2 229
0 4
0 56
0 29
0 0
0 349
0 5
0 0
0 31
0 1
0 0
0 29
0 0
0 0
0 0
0 306
0 2
0 1
0 1
0 0
0 0
0 509
0 0
0 0
0 51
0 0
0 1
0 7
2 74
0 0
2 0
16 21
0 40
0 0
0 0
0 0
0 3
0 0
0 1
0 0
0 0
0 0
2 0
0 31
2 229
0 0
0 0
0 776
0 0
0 372
2 76
0 0
0 372
16 21
0 0
0 0
2 229
0 2
0 0
0 0
0 0
0 0
0 0
4 279
0 0
0 38
0 0
0 0
0 213
0 8
0 1
0 0
0 0
0 56
0 372
2 76
0 0
0 1
0 0
0 40
0 0
0 9
0 0
0 404
0 0
0 0
2 76
4 21832
0 0
0 18
4 593
0 0
0 9
0 57
0 0
0 0
0 776
0 0
0 0
0 0
0 3
0 69
2 0
0 7
0 212
2 76
0 0
0 8
4 1
0 0
0 509
0 0
0 0
0 0
0 0
0 0
0 0
0 0
0 4
0 0
0 0
0 0
0 22
0 4
0 0
0 0
0 0
2 0
0 0
0 0
0 0
2 1
0 0
0 0
0 0
0 0
0 1
0 1
0 2
0 0
0 0
0 3769
0 372
0 4
0 0
4 0
0 372
0 372
0 0
0 0
4 0
0 0
0 0
0 0
2 0
0 179
0 1
0 19
0 1675
0 0
0 0
2 74
0 0
0 0
0 100
0 2
0 0
0 0
0 96
0 0
0 0
0 2
2 0
0 0
0 0
0 0
4 21832
0 0
0 1
0 4
2 229
0 0
0 0
0 0
2 76
0 0
4 21832
0 0
0 11
0 120
0 0
0 0
0 0
0 10
0 83
0 0
0 936
0 0
0 0
0 8
0 0
0 31
0 306
16 1
4 21832
0 372
0 0
0 0
0 225
0 347
0 883
0 190
0 0
0 0
0 170
0 0
0 0
0 1
0 2265
0 0
0 0
0 0
0 2
0 0
0 772
0 0
0 0
0 0
0 3
0 0
0 0
0 347
0 0
0 0
0 0
0 1
0 8
2 76
0 0
0 0
0 0
0 15456
0 0
0 0
0 1169
0 0
0 0
0 372
4 0
16 21
0 0
0 0
0 0
4 2735
0 57
0 0
2 76
0 0
0 0
0 19
0 157
0 207
0 1070
0 2
0 0
2 230
0 3
0 0
0 0
0 509
0 213
0 372
0 0
0 0
0 0
0 0
0 0
2 76
0 0
0 1675
0 372
0 1
0 3203
0 0
0 355
2 2
0 5
0 1
0 0
0 0
2 76
2 6
0 0
0 0
0 0
0 0
0 0
0 0
0 0
0 83
0 7
0 0
0 883
0 6
4 593
0 0
0 37058
0 418
0 0
0 7
0 2
0 0
0 0
0 0
0 0
0 0
0 0
0 347
0 349
0 0
0 0
0 0
8 102
0 3
2 0
0 0
0 369
0 0
0 0
0 56
0 0
2 230
0 0
